route_short_name,shape_pt_lat,shape_pt_lon,shape_pt_sequence,shape_dist_traveled
LineaA,-34.6088132176,-58.3708655834,1,0
LineaA,-34.6085394761,-58.3720564842,2,0.1141
LineaA,-34.6084798709,-58.372567445,3,0.1621
LineaA,-34.6084776633,-58.37313205,4,0.2148
LineaA,-34.6085041545,-58.3735477924,5,0.2537
LineaA,-34.6086807621,-58.3760154247,6,0.4847
LineaA,-34.608848539,-58.3783757687,7,0.7056
LineaA,-34.6090074853,-58.3807253838,8,0.9254
LineaA,-34.6091840918,-58.3835148811,9,1.1864
LineaA,-34.6093253768,-58.3851141483,10,1.3362
LineaA,-34.6093960192,-58.3857223392,11,1.3934
LineaA,-34.6094313404,-58.386400938,12,1.4568
LineaA,-34.6094445858,-58.387465775,13,1.5563
LineaA,-34.6090869582,-58.388890028,14,1.6934
LineaA,-34.6091840918,-58.3909285069,15,1.8839
LineaA,-34.6092635646,-58.3929777145,16,2.0753
LineaA,-34.6093783586,-58.394844532,17,2.2499
LineaA,-34.6095902855,-58.3975160122,18,2.5001
LineaA,-34.609775721,-58.4002196789,19,2.7531
LineaA,-34.6099346655,-58.4029448032,20,3.008
LineaA,-34.6100340056,-58.4055411816,21,3.2505
LineaA,-34.6097183244,-58.4066194296,22,3.3554
LineaA,-34.6094909448,-58.4074670076,23,3.4373
LineaA,-34.6094197506,-58.407683596,24,3.4586
LineaA,-34.6094412744,-58.4079484642,25,3.4834
LineaA,-34.6095770401,-58.408408463,26,3.5282
LineaA,-34.6098927218,-58.409229219,27,3.6103
LineaA,-34.6101774967,-58.4102806449,28,3.712
LineaA,-34.6103496857,-58.4115439653,29,3.831
LineaA,-34.610638874,-58.4130969644,30,3.9785
LineaA,-34.610720553,-58.4144675732,31,4.1067
LineaA,-34.6107845716,-58.414966464,32,4.1536
LineaA,-34.6108817032,-58.4158220887,33,4.234
LineaA,-34.6109037785,-58.4164685011,34,4.2944
LineaA,-34.6109148162,-58.4169667214,35,4.3409
LineaA,-34.6109241982,-58.4171135724,36,4.3547
LineaA,-34.6109374434,-58.4173133969,37,4.3734
LineaA,-34.6109528961,-58.4174850583,38,4.3895
LineaA,-34.6109600706,-58.417590335,39,4.3993
LineaA,-34.6109815941,-58.4178699553,40,4.4255
LineaA,-34.6110036694,-58.4181663394,41,4.4532
LineaA,-34.6110119476,-58.4182984382,42,4.4656
LineaA,-34.6110279522,-58.4184975922,43,4.4842
LineaA,-34.6110555463,-58.4188429266,44,4.5166
LineaA,-34.6110765179,-58.4191010892,45,4.5408
LineaA,-34.6111008007,-58.4193900973,46,4.5678
LineaA,-34.6111267391,-58.4197186679,47,4.5986
LineaA,-34.6111532295,-58.4198340029,48,4.6097
LineaA,-34.6111830311,-58.4199587256,49,4.6216
LineaA,-34.6112260778,-58.4201525152,50,4.6402
LineaA,-34.6112740915,-58.4203590453,51,4.66
LineaA,-34.6113303834,-58.4206111729,52,4.6841
LineaA,-34.6113496992,-58.4206916392,53,4.6918
LineaA,-34.6114076466,-58.4208619595,54,4.7086
LineaA,-34.6114468301,-58.4209772944,55,4.72
LineaA,-34.6114672496,-58.4210389853,56,4.726
LineaA,-34.6115235414,-58.4212052822,57,4.7424
LineaA,-34.6115919744,-58.4213548154,58,4.7578
LineaA,-34.6116769637,-58.4215398878,59,4.7768
LineaA,-34.611756986,-58.4217142314,60,4.7947
LineaA,-34.6118276263,-58.4218664467,61,4.8104
LineaA,-34.611896611,-58.4220179915,62,4.8259
LineaA,-34.6119495911,-58.4221353382,63,4.8379
LineaA,-34.6120246463,-58.4222996235,64,4.8548
LineaA,-34.6120798339,-58.4224169701,65,4.8669
LineaA,-34.6122034539,-58.4226737916,66,4.8935
LineaA,-34.6122994801,-58.4228776395,67,4.9145
LineaA,-34.6123993693,-58.4230841696,68,4.936
LineaA,-34.6125825911,-58.4234704077,69,4.9759
LineaA,-34.6127194553,-58.4237855673,70,5.0079
LineaA,-34.6129004689,-58.4242120385,71,5.0512
LineaA,-34.6130196728,-58.4244936705,72,5.0797
LineaA,-34.6131289429,-58.4247578681,73,5.1064
LineaA,-34.6132514576,-58.4250448644,74,5.1356
LineaA,-34.6133805946,-58.4253439307,75,5.166
LineaA,-34.6135119389,-58.4256483614,76,5.1969
LineaA,-34.61366315,-58.4259916842,77,5.232
LineaA,-34.613773523,-58.4262424707,78,5.2575
LineaA,-34.6138739622,-58.4264664352,79,5.2804
LineaA,-34.6139898536,-58.4267252684,80,5.3069
LineaA,-34.6141465825,-58.4270806611,81,5.3432
LineaA,-34.6142955851,-58.4274172783,82,5.3775
LineaA,-34.6144158907,-58.4276868403,83,5.4051
LineaA,-34.6146752645,-58.4282782674,84,5.4654
LineaA,-34.6149313264,-58.4288562834,85,5.5244
LineaA,-34.6151035055,-58.4292478859,86,5.5644
LineaA,-34.6153330771,-58.4297628701,87,5.617
LineaA,-34.6154544849,-58.4300324321,88,5.6446
LineaA,-34.6155792037,-58.4303288162,89,5.6746
LineaA,-34.6156928852,-58.4305970371,90,5.7018
LineaA,-34.6158562331,-58.4310020506,91,5.7426
LineaA,-34.6161376764,-58.4316310287,92,5.8069
LineaA,-34.6164312594,-58.4322398901,93,5.87
LineaA,-34.6166519978,-58.4326770902,94,5.9157
LineaA,-34.6167623668,-58.4329238534,95,5.941
LineaA,-34.6169058462,-58.4332591295,96,5.975
LineaA,-34.6172060486,-58.4339511395,97,6.0454
LineaA,-34.6174179555,-58.4344983101,98,6.1002
LineaA,-34.6175857147,-58.434895277,99,6.1404
LineaA,-34.6183273831,-58.4364402294,100,6.3004
LineaA,-34.618808581,-58.4376364946,101,6.4208
LineaA,-34.6190469717,-58.4381246567,102,6.4715
LineaA,-34.6197709686,-58.4397661686,103,6.639
LineaA,-34.6205435193,-58.4414827824,104,6.8148
LineaA,-34.6211306531,-58.4428936243,105,6.9574
LineaA,-34.6214396692,-58.4437251091,106,7.0402
LineaA,-34.6219694084,-58.4447604418,107,7.1488
LineaA,-34.6223667105,-58.4456884861,108,7.243
LineaA,-34.6241059888,-58.4500980377,109,7.6856
LineaA,-34.6256510024,-58.4540945292,110,8.0856
LineaA,-34.6266927667,-58.4567512572,111,8.352
LineaA,-34.6271253599,-58.4578201175,112,8.4596
LineaA,-34.6275667793,-58.4588809311,113,8.5669
LineaA,-34.6279226719,-58.4597270004,114,8.6526
LineaA,-34.62819028,-58.4604550526,115,8.725
LineaA,-34.628413746,-58.4611026384,116,8.789
LineaA,-34.6285930701,-58.4617073089,117,8.8478
LineaA,-34.6289664768,-58.4632180212,118,8.9931
LineaA,-34.6291191772,-58.4637309518,119,9.0431
LineaA,-34.6296717653,-58.4654971026,120,9.2158
LineaA,-34.629761702,-58.4659073129,121,9.2551
LineaA,-34.6302017279,-58.4677136969,122,9.4286
LineaA,-34.6306594075,-58.4694020636,123,9.5919
LineaA,-34.6311090843,-58.4711453319,124,9.76
LineaB,-34.6029673149,-58.3699214458,1,0
LineaB,-34.6032410748,-58.3738052845,2,0.3667
LineaB,-34.603364708,-58.3760476112,3,0.5783
LineaB,-34.6035501575,-58.3791160583,4,0.8678
LineaB,-34.6036561284,-58.3804893494,5,0.9976
LineaB,-34.603683725,-58.3809144795,6,1.0377
LineaB,-34.6036892443,-58.3813610673,7,1.0798
LineaB,-34.6037223602,-58.381999433,8,1.14
LineaB,-34.6041683194,-58.3888685703,9,1.7884
LineaB,-34.604459737,-58.3919906616,10,2.0837
LineaB,-34.6044773987,-58.3940076828,11,2.2737
LineaB,-34.6045657068,-58.397462368,12,2.5992
LineaB,-34.6047511536,-58.4036207199,13,3.1796
LineaB,-34.604689338,-58.4040927887,14,3.2244
LineaB,-34.6045833684,-58.4054124355,15,3.3491
LineaB,-34.6044950603,-58.406496048,16,3.4515
LineaB,-34.6041241651,-58.4089207649,17,3.6826
LineaB,-34.6040093639,-58.4103691578,18,3.8194
LineaB,-34.604194812,-58.4132766724,19,4.0939
LineaB,-34.6038504081,-58.4156262875,20,4.3175
LineaB,-34.6035236647,-58.4173536301,21,4.4831
LineaB,-34.603139517524,-58.421303182836,22,4.84
LineaB,-34.602870174,-58.4240913391,23,5.1207
LineaB,-34.602156515827,-58.431022167144,24,5.76
LineaB,-34.6020400568,-58.4322237968,25,5.8908
LineaB,-34.5998322579,-58.4388756752,26,6.5509
LineaB,-34.599048472974,-58.439674973441,27,6.66
LineaB,-34.5976244003,-58.4412145615,28,6.8539
LineaB,-34.5950455484,-58.4439826012,29,7.2102
LineaB,-34.5916893882,-58.4476733208,30,7.6801
LineaB,-34.5901856962,-58.4493201971,31,7.8902
LineaB,-34.589208613,-58.4505084157,32,8.0351
LineaB,-34.5888586267,-58.4510850906,33,8.0986
LineaB,-34.5884015447,-58.4519514441,34,8.1909
LineaB,-34.5880327858,-58.4528660774,35,8.2838
LineaB,-34.5871627733,-58.4552961588,36,8.5269
LineaB,-34.5870302833,-58.4557682276,37,8.5731
LineaB,-34.5864274511,-58.457621634,38,8.7567
LineaB,-34.5857362865,-58.4596252441,39,8.9563
LineaB,-34.5852239819,-58.4620285034,40,9.1878
LineaB,-34.585034075,-58.4634447098,41,9.3224
LineaB,-34.5846459792,-58.4647177532,42,9.4477
LineaB,-34.5839796425,-58.4666774422,43,9.6427
LineaB,-34.5831813565,-58.469196707,44,9.8916
LineaB,-34.5827402532,-58.470656164,45,10.0352
LineaB,-34.5822436642,-58.4720296226,46,10.1728
LineaB,-34.5818309879,-58.4733816236,47,10.3059
LineaB,-34.5816686772,-58.4739509225,48,10.3617
LineaB,-34.5799682604,-58.4754663706,49,10.5762
LineaB,-34.5791047887,-58.4789747,50,10.9166
LineaB,-34.5784533143,-58.4800744057,51,11.037
LineaB,-34.577444071,-58.4814745188,52,11.1995
LineaB,-34.5766170124,-58.4827807546,53,11.3452
LineaB,-34.5755646816,-58.4843015671,54,11.5194
LineaB,-34.5746945386,-58.4858036041,55,11.6829
LineaB,-34.5739524806,-58.4868013859,56,11.8
LineaC,-34.5915039123,-58.3744704723,1,0
LineaC,-34.5932879972,-58.3759510517,2,0.2507
LineaC,-34.5944626461,-58.376865685,3,0.4117
LineaC,-34.5948799515,-58.3772747219,4,0.4749
LineaC,-34.5952530959,-58.3776301146,5,0.5307
LineaC,-34.5955092177,-58.3778634667,6,0.5682
LineaC,-34.5958845672,-58.3781772852,7,0.6211
LineaC,-34.5963703111,-58.3784294128,8,0.6803
LineaC,-34.5976729738,-58.3783811331,9,0.8213
LineaC,-34.5989402905,-58.3782738447,10,0.9589
LineaC,-34.6002120035,-58.3782309294,11,1.0966
LineaC,-34.6016073329,-58.3781558275,12,1.2478
LineaC,-34.6027377091,-58.3781075478,13,1.3701
LineaC,-34.6032154098,-58.3781011775,14,1.4218
LineaC,-34.6035959679,-58.3780626208,15,1.4632
LineaC,-34.6039014617,-58.3780830726,16,1.4963
LineaC,-34.6042069544,-58.3781088889,17,1.5295
LineaC,-34.6044956122,-58.3781819791,18,1.5617
LineaC,-34.6046024098,-58.378242664,19,1.575
LineaC,-34.604689338,-58.3783569932,20,1.5905
LineaC,-34.6047365276,-58.3784579113,21,1.6026
LineaC,-34.6047682633,-58.3786017448,22,1.6185
LineaC,-34.6047875806,-58.378932327,23,1.6543
LineaC,-34.6048173845,-58.3794003725,24,1.705
LineaC,-34.6048398754,-58.3800081443,25,1.7708
LineaC,-34.6050124894,-58.3803262375,26,1.81
LineaC,-34.6051766862,-58.3805171773,27,1.8372
LineaC,-34.605469756,-58.3806683868,28,1.8729
LineaC,-34.6057953879,-58.3807991445,29,1.9109
LineaC,-34.6061552373,-58.3808460832,30,1.9501
LineaC,-34.6083407921,-58.3807146549,31,2.187
LineaC,-34.6118419751,-58.3805537224,32,2.5661
LineaC,-34.6145969006,-58.3804035187,33,2.8645
LineaC,-34.6167866479,-58.3802747726,34,3.1018
LineaC,-34.6194001417,-58.3801674843,35,3.3847
LineaC,-34.6220841847,-58.3799958229,36,3.6757
LineaC,-34.6226028837,-58.3799636364,37,3.7319
LineaC,-34.6229361737,-58.3799260855,38,3.7682
LineaC,-34.6234460385,-58.3798677474,39,3.8237
LineaC,-34.6238157438,-58.3800799772,40,3.8698
LineaC,-34.6241368894,-58.3804048598,41,3.9192
LineaC,-34.6244458943,-58.380690515,42,3.9647
LineaC,-34.6248784992,-58.3810096979,43,4.0229
LineaC,-34.6255053309,-58.3813744783,44,4.1013
LineaC,-34.6257746022,-58.3814549446,45,4.1317
LineaC,-34.626116708,-58.3815059066,46,4.1691
LineaC,-34.6266320711,-58.38148579,47,4.2249
LineaC,-34.6270150047,-58.3814817667,48,4.2664
LineaC,-34.6276020927,-58.3814442158,49,4.33
LineaD,-34.607850703,-58.3737784624,1,0
LineaD,-34.6076122802,-58.3742800355,2,0.0555
LineaD,-34.6070736189,-58.3753623068,3,0.1764
LineaD,-34.6064731398,-58.376455307,4,0.3011
LineaD,-34.6058196723,-58.3777856827,5,0.4493
LineaD,-34.6043935058,-58.3803096414,6,0.7392
LineaD,-34.6039839752,-58.3809587359,7,0.8160
LineaD,-34.6034176936,-58.3823347092,8,0.9648
LineaD,-34.6026640768,-58.3837658949,9,1.1265
LineaD,-34.6024391509,-58.3841824866,10,1.1739
LineaD,-34.6019340589,-58.3847624518,11,1.2508
LineaD,-34.60141315,-58.3852510862,12,1.3222
LineaD,-34.6009106582,-58.3855821677,13,1.3824
LineaD,-34.6004140186,-58.3859717846,14,1.4455
LineaD,-34.6001489445,-58.3863058825,15,1.4882
LineaD,-34.5997580179,-58.386832775,16,1.5538
LineaD,-34.599496882,-58.3873411569,17,1.6109
LineaD,-34.5993602458,-58.3880805459,18,1.6861
LineaD,-34.5994348479,-58.389018774,19,1.7802
LineaD,-34.5994790047,-58.3899307251,20,1.8715
LineaD,-34.5996909568,-58.3940720558,21,2.2862
LineaD,-34.5997318017,-58.3971820772,22,2.5972
LineaD,-34.5997593996,-58.3987364173,23,2.7527
LineaD,-34.5996208581,-58.3993459493,24,2.8152
LineaD,-34.5993763401,-58.3999983966,25,2.8849
LineaD,-34.5988929538,-58.4004198255,26,2.9490
LineaD,-34.5982970117,-58.4007160979,27,3.0156
LineaD,-34.597447139,-58.4007025968,28,3.1006
LineaD,-34.5965633113,-58.4007383537,29,3.1890
LineaD,-34.5957437291,-58.4009224472,30,3.2730
LineaD,-34.5948127219,-58.4013857672,31,3.3770
LineaD,-34.5945513497,-58.4019856864,32,3.4424
LineaD,-34.5943955693,-58.4025187315,33,3.4980
LineaD,-34.5943053772,-58.4028929099,34,3.5365
LineaD,-34.5942146968,-58.4032691025,35,3.5752
LineaD,-34.5941241029,-58.403571512,36,3.6067
LineaD,-34.5937207645,-58.4043931961,37,3.6983
LineaD,-34.5931908451,-58.405251503,38,3.7991
LineaD,-34.5926962505,-58.4059810638,39,3.8873
LineaD,-34.5890396924,-58.4101009369,40,4.4381
LineaD,-34.5888100481,-58.4104013443,41,4.4759
LineaD,-34.5873438427,-58.4125900269,42,4.7394
LineaD,-34.5855066331,-58.4153366089,43,5.0698
LineaD,-34.5839167074,-58.4177398682,44,5.3580
LineaD,-34.5821147549,-58.4203362465,45,5.6740
LineaD,-34.581469929,-58.4212911129,46,5.7892
LineaD,-34.5808869315,-58.4221386909,47,5.8921
LineaD,-34.5801095951,-58.4232866764,48,6.0308
LineaD,-34.5793455016,-58.4243220091,49,6.1594
LineaD,-34.5789700774,-58.4247632325,50,6.2174
LineaD,-34.5787757395,-58.4250167012,51,6.2493
LineaD,-34.5785372333,-58.4255129099,52,6.3044
LineaD,-34.5782236407,-58.4263819456,53,6.3967
LineaD,-34.5777157066,-58.4279966354,54,6.5660
LineaD,-34.5772386874,-58.4294342995,55,6.7175
LineaD,-34.5766026575,-58.4317088127,56,6.9537
LineaD,-34.5758782842,-58.4331679344,57,7.1166
LineaD,-34.5751472791,-58.434881866,58,7.3029
LineaD,-34.5736874582,-58.4378671646,59,7.6352
LineaD,-34.5711078633,-58.4425234795,60,8.1675
LineaD,-34.5699417188,-58.4449481964,61,8.4366
LineaD,-34.5661074617,-58.4523296356,62,9.2684
LineaD,-34.565612706,-58.4531664848,63,9.3656
LineaD,-34.5649235771,-58.4541964531,64,9.4895
LineaD,-34.562025639,-58.4566855431,65,9.8715
LineaD,-34.5582440313,-58.4599685669,66,10.3723
LineaD,-34.5555579252,-58.4625005722,67,10.7415
LineaE,-34.5924886966,-58.3755433559,1,0.00
LineaE,-34.5933277412,-58.3740842342,2,0.17
LineaE,-34.5935397091,-58.3737462759,3,0.21
LineaE,-34.5936920606,-58.3735638857,4,0.23
LineaE,-34.5938620758,-58.3733814955,5,0.26
LineaE,-34.5942683444,-58.3730649948,6,0.31
LineaE,-34.5948954073,-58.3726787567,7,0.38
LineaE,-34.5957962498,-58.3722496033,8,0.48
LineaE,-34.5959287259,-58.3722013235,9,0.49
LineaE,-34.5969267051,-58.3717882633,10,0.60
LineaE,-34.5975846584,-58.3714985847,11,0.67
LineaE,-34.5983750785,-58.3710157871,12,0.77
LineaE,-34.5995364084,-58.3706349134,13,0.89
LineaE,-34.6006314879,-58.3703881502,14,1.00
LineaE,-34.6012121391,-58.3703237772,15,1.06
LineaE,-34.6018016174,-58.3702486753,16,1.12
LineaE,-34.6027597866,-58.3701521158,17,1.22
LineaE,-34.6037665147,-58.3700984716,18,1.32
LineaE,-34.6042985744,-58.3700636029,19,1.37
LineaE,-34.6048041383,-58.3700072765,20,1.42
LineaE,-34.6054664445,-58.3699858189,21,1.49
LineaE,-34.6065305387,-58.3701360226,22,1.59
LineaE,-34.6070603731,-58.3702433109,23,1.65
LineaE,-34.6073341195,-58.3705061674,24,1.69
LineaE,-34.6077447374,-58.3709567785,25,1.75
LineaE,-34.6088661997,-58.3732634783,26,2.00
LineaE,-34.6090472218,-58.3734458685,27,2.03
LineaE,-34.6090163156,-58.3734405041,28,2.04
LineaE,-34.6130494737,-58.3778044581,29,2.62
LineaE,-34.6134413,-58.3782215416,30,2.68
LineaE,-34.6140428324,-58.3789336681,31,2.77
LineaE,-34.6145494407,-58.379509002,32,2.85
LineaE,-34.6151557938,-58.3801012672,33,2.94
LineaE,-34.6154722132,-58.3803893533,34,2.98
LineaE,-34.6158725127,-58.3806935325,35,3.03
LineaE,-34.6162007251,-58.3808351867,36,3.06
LineaE,-34.6165112771,-58.3809124678,37,3.10
LineaE,-34.6176607648,-58.3809104562,38,3.21
LineaE,-34.6185723971,-58.3808749169,39,3.30
LineaE,-34.6190149655,-58.3809081092,40,3.35
LineaE,-34.619612043,-58.3811505139,41,3.41
LineaE,-34.6200474322,-58.3813870512,42,3.46
LineaE,-34.62047399,-58.3816289529,43,3.51
LineaE,-34.6208873021,-58.3819620498,44,3.56
LineaE,-34.6212961975,-58.3822575957,45,3.61
LineaE,-34.6216323898,-58.3825762337,46,3.66
LineaE,-34.6218538041,-58.3828948718,47,3.70
LineaE,-34.6219957573,-58.3831920521,48,3.73
LineaE,-34.6221288813,-58.3835106902,49,3.77
LineaE,-34.6222538659,-58.3839763049,50,3.81
LineaE,-34.6223170479,-58.3843721822,51,3.85
LineaE,-34.6223755395,-58.3858430386,52,4.00
LineaE,-34.6227463531,-58.3914971352,53,4.57
LineaE,-34.6228920294,-58.3937501907,54,4.79
LineaE,-34.6230134261,-58.3958101273,55,5.00
LineaE,-34.6232054533,-58.397821784,56,5.20
LineaE,-34.6234968041,-58.3998844028,57,5.41
LineaE,-34.6237793251,-58.4021776915,58,5.64
LineaE,-34.6244370656,-58.4071236849,59,6.14
LineaE,-34.6246246751,-58.4089502692,60,6.32
LineaE,-34.6247891091,-58.4103088081,61,6.46
LineaE,-34.6249932715,-58.4121018648,62,6.64
LineaE,-34.625461188,-58.4160661697,63,7.04
LineaE,-34.6258364021,-58.418828845,64,7.32
LineaE,-34.6270105905,-58.4267306328,65,8.12
LineaE,-34.6277830739,-58.4323257208,66,8.68
LineaE,-34.6281726234,-58.4348060936,67,8.93
LineaE,-34.6284010554,-58.4365327656,68,9.11
LineaE,-34.6286805249,-58.4382885229,69,9.29
LineaE,-34.6287746009,-58.4388641082,70,9.35
LineaE,-34.6288744702,-58.4392642602,71,9.39
LineaE,-34.629233116,-58.4397534281,72,9.45
LineaE,-34.6310362533,-58.4421801567,73,9.75
LineaE,-34.6319764293,-58.4427192807,74,9.86
LineaE,-34.6324227885,-58.4432024136,75,9.92
LineaE,-34.6328779731,-58.4438357502,76,10.00
LineaE,-34.6336206083,-58.444866389,77,10.13
LineaE,-34.6345202031,-58.4461915679,78,10.29
LineaE,-34.6349872382,-58.447044678,79,10.39
LineaE,-34.6356035109,-58.4480749816,80,10.51
LineaE,-34.6359930237,-58.4487462044,81,10.58
LineaE,-34.6361298494,-58.4489996731,82,10.61
LineaE,-34.6362258478,-58.4491948038,83,10.63
LineaE,-34.6362821228,-58.449459672,84,10.66
LineaE,-34.6362490199,-58.4501624107,85,10.73
LineaE,-34.6361960552,-58.4513774514,86,10.85
LineaE,-34.6361916415,-58.4518991411,87,10.91
LineaE,-34.6362578473,-58.4524208307,88,10.96
LineaE,-34.6365754965,-58.4536727518,89,11.09
LineaE,-34.6370343824,-58.4545974433,90,11.19
LineaE,-34.6375990553,-58.4554812312,91,11.30
LineaE,-34.638216412,-58.4563046694,92,11.40
LineaE,-34.6392216067,-58.4574151039,93,11.55
LineaE,-34.6398990856,-58.4582197666,94,11.65
LineaE,-34.6412319595,-58.4599632025,95,11.87
LineaE,-34.6420307909,-58.4608992934,96,12.00
LineaE,-34.6426354261,-58.4613794088,97,12.07
LineaE,-34.6431164831,-58.4616476297,98,12.13
LineaH,-34.582994735,-58.3912408677,1,0
LineaH,-34.5839331946,-58.3918528974,2,0.1109172440571
LineaH,-34.5856094722,-58.393449943,3,0.340124664577536
LineaH,-34.5858270441,-58.3938362323,4,0.384015293228521
LineaH,-34.5872369016,-58.3967692053,5,0.706178666486018
LineaH,-34.5875182871,-58.3972343802,6,0.76
LineaH,-34.5884059609,-58.3985567093,7,0.9305
LineaH,-34.5890794384,-58.3997046947,8,1.0729
LineaH,-34.5894062387,-58.399951458,9,1.1167
LineaH,-34.5906825138,-58.4005737305,10,1.2687
LineaH,-34.5923782953,-58.4014105797,11,1.4711
LineaH,-34.5944449823,-58.4023118019,12,1.7124
LineaH,-34.5966352611,-58.4031271935,13,1.9625
LineaH,-34.5984280673,-58.4037172794,14,2.1645
LineaH,-34.6005740849,-58.4044146538,15,2.406
LineaH,-34.602879005,-58.4050637484,16,2.6623
LineaH,-34.6035860831,-58.4052297488,17,2.74
LineaH,-34.6055812437,-58.4057021141,18,2.9561
LineaH,-34.6065614458,-58.4059488773,19,3.0626
LineaH,-34.6077270765,-58.4061098099,20,3.1867
LineaH,-34.6101377607,-58.4059810638,21,3.4411
LineaH,-34.6112327004,-58.405841589,22,3.5574
LineaH,-34.6133695573,-58.4053051472,23,3.7896
LineaH,-34.6146233898,-58.4049189091,24,3.9279
LineaH,-34.6158153961,-58.4045863152,25,4.0583
LineaH,-34.6170868507,-58.404135704,26,4.2005
LineaH,-34.6197709686,-58.4032022953,27,4.5
LineaH,-34.6210158754,-58.4028375149,28,4.6368
LineaH,-34.6219429215,-58.4026122093,29,4.7373
LineaH,-34.6229052727,-58.4023547173,30,4.8423
LineaH,-34.6244326512,-58.4020221233,31,5.0071
LineaH,-34.625598031,-58.4017646313,32,5.1329
LineaH,-34.6274696672,-58.401324749,33,5.3355
LineaH,-34.6297385281,-58.4009170532,34,5.5785
LineaH,-34.6312481249,-58.400605917,35,5.7409
LineaH,-34.631830769,-58.4004449844,36,5.8046
LineaH,-34.632625277,-58.400144577,37,5.8941
LineaH,-34.6336846092,-58.3996725082,38,6.0164
LineaH,-34.6359533001,-58.398900032,39,6.269
LineaH,-34.636416741,-58.3988893032,40,6.3178
LineaH,-34.6368239048,-58.3992084861,41,6.3724
LineaH,-34.6370810018,-58.3995598555,42,6.4182
LineaH,-34.6372509281,-58.4000372887,43,6.4717
LineaH,-34.6381822065,-58.404661417,44,6.9688
LineaH,-34.6384432991,-58.4061953053,45,7.1328
LineaH,-34.6385275023,-58.4066940285,46,7.1861
LineaH,-34.6385675695,-58.4072785825,47,7.2479
LineaH,-34.6384453679,-58.408511728,48,7.3785
LineaH,-34.6384216448,-58.4090897441,49,7.4394
LineaH,-34.6386478417,-58.4100955725,50,7.5481
LineaH,-34.6388707278,-58.4108519554,51,7.6312
LineaH,-34.6391421625,-58.4113079309,52,7.6871
LineaH,-34.6394993741,-58.4117204545,53,7.7447
LineaH,-34.6419002812,-58.4127501557,54,8.02
